1591
1588
1437
1678
1577
1911
1366
2043
1218
2262
1536
2229
1758
2133
1098
2490
1419
2430
1725
2427
1977
2384
1020
2712
1311
2652
1596
2640
1913
2647
2194
2626
843
2892
1217
2892
1521
2893
1806
2892
2088
2888
2363
2895
1272
1771
1081
1611
827
1538
957
1830
1117
2012
573
1494
730
1781
827
2071
946
2297
338
1489
485
1747
585
2014
676
1218
783
2579
112
1376
228
1732
321
2021
410
2292
501
2559
579
2822
1311
1437
1404
1207
1395
942
1157
1156
1034
1364
1358
687
1134
925
888
1107
709
1290
1291
462
1091
682
867
859
607
1039
392
1222
1328
212
1026
432
779
610
549
778
323
947
97
1103
1640
1372
1889
1389
2137
1299
1860
1138
1624
1086
2368
1185
2073
1045
1824
867
1595
754
2562
1051
2291
928
2053
771
1801
579
1561
430
2811
1009
2508
790
2263
610
2032
443
1801
281
1583
113
1805
1664
1865
1906
2027
2114
2094
1802
2072
1561
2207
2299
2249
1975
2341
1683
2378
1430
2394
2442
2427
2146
2504
1871
2608
1572
1675
1298
2511
2665
2626
2310
2721
2021
2808
1750
2892
1480
2983
1221
